#! FIELDS time pp.proj pp.ext sigma_pp.proj sigma_pp.ext height biasf
#! SET multivariate false
#! SET kerneltype gaussian
              0   0.0000000000000000   0.0000000000000000          0.025           0.05   1.6666666666666667            10.0
              2   0.0000000000000000   0.0000000000000000          0.025           0.05   1.6666666666666667            10.0
              4   0.0000000000000000   0.0000000000000000          0.025           0.05   1.6666666666666667            10.0
              6   0.0000000000000000   0.0000000000000000          0.025           0.05   1.6666666666666667            10.0
              8   0.0000000000000000   0.0000000000000000          0.025           0.05   1.6666666666666667            10.0
             10   0.0000000000000000   0.0000000000000000          0.025           0.05   1.6666666666666667            10.0
             12   0.9452072978019714   0.1634057462215424          0.025           0.05   1.5590959167099645            10.0
             14   0.0000000000000000   0.0000000000000000          0.025           0.05   1.6666666666666667            10.0
             16   0.0000000000000000   0.0000000000000000          0.025           0.05   1.6666666666666667            10.0
             18   0.0000000000000000   0.0000000000000000          0.025           0.05   1.6624572463624159            10.0
             20   0.0000000000000000   0.0000000000000000          0.025           0.05   1.6666666666666667            10.0
